2.327033451602363143e-04
6.722412033628011709e-04
1.626568572039898417e-03
1.352850306284062408e-03
1.193530201615387301e-03
2.063152857738033766e-03
1.283598533808776639e-03
1.676880443805446336e-04
1.370828015009729070e-03
2.159907610859367402e-03
2.206849449809779144e-03
1.695470652070451753e-04
7.994040634729996210e-04
1.719851427737746153e-03
1.153505517323357094e-03
1.987008484742395272e-03
3.464157318825437557e-04
1.959699584280592734e-03
2.265608230992526820e-04
2.067484444243494496e-03
1.997444663390788612e-03
1.787044736484997556e-03
2.114713044116938671e-03
4.253171976209146757e-04
2.260663822695861518e-03
2.861156258803225928e-04
1.112905876503481094e-03
1.965944753378939813e-03
2.364749100582191205e-03
2.060920081885183903e-03
2.004742173343915506e-03
3.180689828843184406e-04
1.506986617851446093e-03
2.032432318741678266e-03
1.191211545872216532e-03
1.233659371425519262e-03
1.838455890602468199e-03
1.980218538922065563e-03
1.915800654058612230e-03
2.184605007308555290e-03
6.805253837533031900e-04
1.994160039687822936e-03
4.519516433449675464e-04
2.312149376556456477e-03
1.746309853281326381e-03
3.933819316807408506e-04
1.856436231830279737e-03
8.643179196002421724e-04
1.487222838679451041e-03
1.974378507965403838e-03
1.984868887340725512e-03
2.046546359868609520e-03
2.340911778755168252e-04
2.223560916126510450e-03
2.376789136554840597e-03
2.139942537216948156e-03
2.181711242253086321e-03
1.997507820976438669e-03
1.959415601970326392e-03
3.147307161441005542e-04
2.417430479745020545e-03
1.980941416944191798e-03
1.413920801862844504e-03
2.085205146597073587e-03
1.326082556079760276e-03
2.275768381695532881e-03
1.361263080306976490e-03
2.006220610293283323e-03
2.086325125984945551e-03
2.267309669823450516e-03
1.283695312149743832e-03
1.526214262844457700e-03
7.839989507731650025e-04
5.604458456849403889e-04
3.767368243152101315e-04
1.941672200427134063e-03
1.763221191527110290e-03
3.397537244745605679e-04
1.658899749598846673e-03
2.128707014660139504e-03
2.383315969768056656e-03
1.692702382374542975e-03
2.185946452591111533e-03
2.040956411872157494e-03
1.372266081878629985e-03
1.998970347797271539e-03
1.708182069362864774e-03
8.440409784069268775e-04
1.740869277051581036e-03
