1.807460343505363522e-04
6.076787569529103509e-04
1.995447359984816715e-03
1.112972598756076454e-03
1.412942131472651273e-03
1.972067961571475746e-03
1.606095623807800429e-03
2.807356158340326420e-04
1.385679952430962560e-03
2.216415068653566130e-03
2.055638617592044168e-03
1.190003150881627610e-04
7.052589190717463907e-04
1.407708499713165732e-03
9.590431024129027291e-04
1.777529526953474477e-03
3.373126576768701972e-04
1.906735438700926178e-03
2.072883315011499878e-04
1.879139460263982465e-03
1.929743480986853468e-03
1.861191684608293337e-03
1.996382773008063046e-03
4.952967349631839499e-04
2.221331093601847193e-03
2.607005543018707278e-04
9.288800048801473764e-04
1.922943135206013360e-03
2.285593284943967119e-03
1.737478904748946318e-03
1.927725198276838015e-03
3.136360561054783941e-04
1.244067521050685413e-03
1.764438627353209863e-03
1.599258297441645419e-03
1.018654152640421917e-03
1.523903155258576241e-03
1.854532241550898956e-03
1.848191284834735338e-03
2.140096335324940310e-03
6.140977524648525516e-04
1.911594623825165319e-03
4.243429041955354181e-04
2.281442967155895580e-03
1.768330668591884362e-03
7.180536155676752472e-04
1.816706159236897069e-03
7.466687259591760478e-04
1.454861285066180081e-03
1.902038348868963441e-03
1.933824846740622499e-03
1.941295661270207428e-03
1.918272171033177638e-04
2.100556655013112277e-03
2.178193283441608868e-03
2.091089850343706442e-03
2.098306860257799760e-03
1.934599334574028592e-03
1.653781994778302702e-03
4.753963618627394801e-04
2.365118235473566248e-03
1.871028305573862712e-03
1.158484732933464777e-03
1.812514259357821556e-03
1.092596185259696838e-03
2.152359742813696793e-03
1.437906756882483634e-03
1.848833822198945242e-03
2.051757067059263931e-03
2.141193626798373190e-03
1.058978282167371632e-03
1.638090646725954723e-03
6.893873308544965417e-04
9.609043666317841235e-04
4.541149209503245556e-04
1.820621060944968388e-03
1.445097606256633659e-03
6.285468569712469042e-04
2.036606463094320970e-03
1.853898148364830929e-03
2.164823280723043950e-03
1.806288831647239867e-03
2.039770685230622889e-03
1.820964014556490564e-03
1.375115934875994865e-03
1.904161300810393656e-03
1.843591617196055224e-03
7.296032360558741756e-04
1.699357354422708277e-03
