6.330087118930623063e-06
5.161770817576363801e-03
5.964137705104405633e-04
7.551832248316061799e-03
5.729830278965192952e-04
4.607422987517783490e-04
4.771611013867552544e-04
1.368093059042925627e-04
8.469030325106857455e-04
9.117066085813974909e-04
1.151200665290369463e-03
2.536654436876855169e-07
4.501492758662084710e-03
1.147069810330606995e-02
5.724097971263584356e-03
3.859674451169345811e-03
0.000000000000000000e+00
4.187072416062960468e-05
3.938187217177629615e-05
1.049768729464808622e-03
3.438262410894156679e-04
7.975790491846803916e-04
7.459260187686744944e-04
1.920402926917798682e-04
1.094284943964884830e-03
0.000000000000000000e+00
5.297119147840896082e-03
5.181206562397595069e-05
1.132776963291615147e-03
6.154412212721754004e-03
2.801173534858279854e-04
2.123021411171166235e-05
8.432926846148177877e-03
4.893969598891633084e-03
4.331600680442122256e-04
6.238945108292970158e-03
1.008815329977924731e-02
8.536830264884256482e-04
8.908035829080598357e-04
9.928582167356106870e-04
5.343709750818486683e-03
1.426725736067788750e-04
5.572588501807433344e-04
1.052425753644564786e-03
6.742855320579091774e-04
1.920689787743875936e-04
6.672763773439641935e-04
4.165525653476938144e-03
7.152246701395731550e-04
9.247311403385581098e-05
1.167195351790936011e-09
5.406045844808280787e-04
4.822058023763783846e-06
1.124774093930138450e-03
1.453016051755432522e-03
1.091072402660170186e-03
8.011804913817356178e-04
1.482469018966465211e-04
7.349304758074591895e-03
1.416232612210148532e-04
1.003182782174350711e-03
1.395131376074386234e-03
8.280012842288429764e-03
3.692606346195742833e-03
7.062986089586950969e-03
1.230312080505497349e-03
6.012912624676350825e-04
1.886038627045493908e-03
1.053281037640887898e-03
1.201575490815572729e-03
7.069928334678331552e-03
7.026460494201459484e-04
5.555330292411677154e-03
2.331739776307705121e-04
1.193345621173958496e-04
1.684058109807750128e-03
1.253891795103233113e-02
1.790207114367509589e-04
5.870814130263618492e-04
2.542659206074476992e-03
1.550818854537548176e-03
8.149565926940906735e-04
1.144517987005717885e-03
2.731937528942242691e-03
6.391276037711743005e-04
6.635764321304618704e-04
7.377250960192800397e-04
5.523450930295259291e-03
6.423749120200773245e-04
