3.277214390612776256e-04
8.526651021050495223e-04
8.721506162550824760e-04
1.692305469760375632e-03
8.403431656599533259e-04
2.524764529245645227e-03
7.496114883641651506e-04
1.598037673938631641e-04
1.426262313447858353e-03
1.887871838048980422e-03
2.626036158547141990e-03
2.683088503125163958e-04
1.005157850840854381e-03
2.179110198471964719e-03
1.444401002998005812e-03
2.437124427632842046e-03
4.289698730465617673e-04
2.493961835759776757e-03
2.567267504708113982e-04
2.510588986509867948e-03
2.506335954264013021e-03
1.623808774654675281e-03
2.567637581784138444e-03
3.793701241372813139e-04
2.243151657486452521e-03
2.410237461092087712e-04
1.395484409724855393e-03
2.515675637390231510e-03
2.374372499750949418e-03
2.438946799810922349e-03
2.491208834538165533e-03
3.937111960755134495e-04
1.880191544483043962e-03
2.454284531551826579e-03
5.716725632635213938e-04
1.539380325741565581e-03
2.291976561156921534e-03
2.433658498216378745e-03
2.185314236780502590e-03
2.226211847334575410e-03
8.686711318091038924e-04
2.518542960729776899e-03
5.616806151771926636e-04
2.219482596403650042e-03
1.808907860281332505e-03
1.693100778118855599e-04
2.081659904464544086e-03
1.095774959700074498e-03
1.629992837881450666e-03
2.515271708352444322e-03
2.518434364119755565e-03
2.538971686775193248e-03
3.014508261525145993e-04
2.519435653906952014e-03
2.739223926087734542e-03
2.159986033378604158e-03
2.436643037841718963e-03
2.525365562297724777e-03
2.376763041411832349e-03
2.087759469473809612e-04
2.301995109349068685e-03
2.354567813316301578e-03
1.769945533679055790e-03
2.478343888207102524e-03
1.652366087838804320e-03
2.502350901464676317e-03
1.252002889582248465e-03
2.467594669586768014e-03
2.131392876633596625e-03
2.526284814068845488e-03
1.607762336814855079e-03
1.326621247551393280e-03
1.020631173471931623e-03
1.972714668410256646e-04
3.062658135314114084e-04
2.315201451777716603e-03
2.274520698147789941e-03
1.668698602375217504e-04
8.652201763476973905e-04
2.492683554325197601e-03
2.773338965771674630e-03
1.580441380462289632e-03
2.580220657698035179e-03
2.475997355063123614e-03
1.453301345412493688e-03
2.499763974173981398e-03
1.431445965471040077e-03
1.090496858403287731e-03
1.966697641619200802e-03
