3.068521834904806042e-04
7.170880702751541747e-06
3.994151566139752304e-05
2.366415051976114136e-03
3.279297628859756072e-04
4.296100626349417390e-03
2.156494535257495835e-04
8.073028325751294750e-04
1.469862569335772919e-03
8.176484043560172589e-05
2.344510193610766912e-03
4.473918215860275631e-04
4.508316042793755144e-04
2.725317453312448880e-03
1.956448827234651827e-03
3.509559917363383377e-03
0.000000000000000000e+00
5.202798265342594916e-03
3.296919695094074464e-04
3.338565160131814862e-03
4.890259943004255511e-03
4.555280215835108776e-04
3.768990038485894433e-03
5.234761186507421588e-04
4.382476749297316309e-04
8.458002178594080172e-05
1.896258474967482286e-03
5.672806014815317231e-03
1.663994338965896550e-04
2.657334843696445518e-03
4.853806891166179485e-03
1.518856190144673445e-08
2.605354652011708776e-03
2.982615765889725431e-03
2.957759998478871216e-04
2.214721180174391690e-03
2.687321301183954840e-03
3.973322041077386770e-03
2.489366660937694566e-03
9.736721387127191246e-04
5.667181942582175550e-06
4.726589615262601941e-03
9.957804202121021923e-06
1.332012402945582864e-04
1.766261376613488965e-03
6.025609750889773667e-04
2.545228380654572173e-03
6.136356189614346939e-04
1.203764074384470984e-03
4.470343612365444697e-03
5.987380840488141370e-03
5.421369048352641870e-03
2.850946839237545488e-04
1.557641074532380068e-03
5.188748858901870604e-04
3.414539915937369967e-04
2.798788396363471095e-03
5.451386452449790213e-03
2.685530440134584803e-03
5.977771175835167820e-04
1.336749261944556382e-05
3.407525999695583917e-03
2.500256592396376491e-03
2.869811499204578172e-03
2.361797283830361239e-03
1.057913226700539153e-03
7.312288045615461833e-04
3.867807391943908768e-03
7.879706786583597945e-04
1.349372836793001152e-03
2.194336772632290034e-03
4.462550812868791399e-04
7.376415639473033056e-05
4.852237665684002409e-04
4.300034434952997118e-04
3.329910286890242627e-03
2.741253283579085914e-03
6.446046940874609107e-04
1.385572896252127338e-05
2.712100846327048648e-03
4.505940892519180469e-04
1.128691708679339196e-03
2.140201877904725040e-03
3.210034305530911833e-03
1.584728040299512516e-03
5.101000827879231814e-03
2.766603327047042517e-04
0.000000000000000000e+00
2.395579028789967917e-03
