2.912876581408343026e-04
1.508033472945915490e-03
2.034686482103217333e-04
2.938404130075429523e-03
3.772866336446941749e-04
3.223363324906405088e-03
2.358493072526976475e-04
2.814456216353209230e-04
1.381054020506766039e-03
5.346128878239889788e-04
2.788128395991852550e-03
3.567740806774754117e-04
1.700765386993056223e-03
3.172751741410312614e-03
2.643653825690698254e-03
3.186139085240961150e-03
6.583319057214602433e-04
3.443015171850406092e-03
2.645129313384003396e-04
3.135571763542247849e-03
3.383866174535097009e-03
8.677663578579580686e-04
3.145217233501923157e-03
3.763707193509964704e-04
1.232821221857921621e-03
9.230266395569084045e-05
2.553821346566102594e-03
3.547231425539743282e-03
1.031874952967917368e-03
3.026009137624242808e-03
3.362570878096035609e-03
5.954355044407730682e-04
3.082023418153350194e-03
3.096552258819535927e-03
2.758266318468350644e-04
2.821392897028186363e-03
3.105058153524862911e-03
3.160886520704996819e-03
2.327812057697097817e-03
1.484332071483038338e-03
1.539907353093266512e-03
3.393347283250598874e-03
9.055314370624747543e-04
8.864844339846327274e-04
1.655182401071880619e-03
2.436729491137748038e-04
2.219072273931502366e-03
1.899297105682296125e-03
1.678204842927924706e-03
3.349382196175274082e-03
3.617361512877557625e-03
3.644595058212331262e-03
2.620677041387211225e-04
2.202707304053428631e-03
1.982282329408897870e-03
1.212501997522082674e-03
2.410994974962245557e-03
3.527186684672911545e-03
3.050288640763483463e-03
3.048934452380744190e-04
6.304883015263554368e-04
2.852158701726483381e-03
3.040513413647692384e-03
3.053117525748621879e-03
2.937305902810448659e-03
1.921789616677177341e-03
8.681705597835730421e-04
3.219951567553201461e-03
1.432740701408597274e-03
2.067152409096101665e-03
2.836380187570953452e-03
7.248095056553647804e-04
1.804929571844719185e-03
2.272865978260570693e-04
3.004856500499503038e-04
2.833563018739989475e-03
3.177268393606794313e-03
2.520975212025003843e-04
1.921770722387206476e-04
2.999548952629165974e-03
2.061906926865732671e-03
1.239442024264154375e-03
2.667203602460643374e-03
3.119099040884238880e-03
1.440516133499793660e-03
3.495435902149282657e-03
6.289992823979686024e-04
1.924348764455219166e-03
2.118117132405316835e-03
