3.139224219974502835e-04
1.179468243512477466e-03
2.505046238496836893e-04
2.407848881948682681e-03
4.845376796208004455e-04
2.928286043206212042e-03
3.153838657197963863e-04
2.449705068258559225e-04
1.404683505179639110e-03
9.942969693082200425e-04
2.866597926243223422e-03
4.519876279764574499e-04
1.366496334293328509e-03
2.893944167909005567e-03
2.077560697923168040e-03
2.934662810835840952e-03
5.353977793100916753e-04
2.938984575166038882e-03
2.801235273034730902e-04
2.957278888215172236e-03
2.937374815976482104e-03
1.156417372770793478e-03
2.964005929455066322e-03
3.890338207833604948e-04
1.682656626436374384e-03
1.497193760818004208e-04
2.000293292412246536e-03
2.964574452310440172e-03
1.634753856582975414e-03
2.917680180223504709e-03
2.955271307438689724e-03
4.867218788574472843e-04
2.617172484612152999e-03
2.936594308333956294e-03
2.726729942876798124e-04
2.225677335419700819e-03
2.889211867251743546e-03
2.861059188066283464e-03
2.308426747489192212e-03
1.816243711748131290e-03
1.205469467011687163e-03
2.970303600365286224e-03
7.234180966952995315e-04
1.434468337553957817e-03
1.714332320220862032e-03
2.223931183174628794e-04
2.176219617393078572e-03
1.523635677301227436e-03
1.703263635243497777e-03
2.945989279126327073e-03
3.013124980654529640e-03
3.183515491496161521e-03
2.878183932945264098e-04
2.466150396632492327e-03
2.555900871638371128e-03
1.671949115608359739e-03
2.416033093173793056e-03
3.011418334853904234e-03
2.895415943899864227e-03
2.805944881917989478e-04
1.282463040371441178e-03
2.667086015796348974e-03
2.520604181237921879e-03
2.940327687546859681e-03
2.368738573807878389e-03
2.287273465883058951e-03
1.007791303032496300e-03
2.927478012384584095e-03
1.772275017723128976e-03
2.380753032494822580e-03
2.298457911963342360e-03
9.392950798582440797e-04
1.430159522375451997e-03
2.083734847680211949e-04
3.075861923214454909e-04
2.645218657282079854e-03
2.917689187580914563e-03
2.300840573107522282e-04
2.132217453210472676e-04
2.945381305041475974e-03
2.663794651534120202e-03
1.350415608520215329e-03
2.781285078797140781e-03
2.940176073171510158e-03
1.449899664222191941e-03
3.031789662334938209e-03
9.022296529771837688e-04
1.533988806442401374e-03
2.076295050151049683e-03
