3.262854782168283303e-04
1.032470243278369197e-03
4.601422638991717481e-04
2.075572551398720874e-03
6.430149386479083349e-04
2.750863540478487145e-03
4.798712423413541649e-04
1.780093335392705803e-04
1.440909094972407092e-03
1.531768665763416160e-03
2.948172177973083091e-03
3.468763279006130515e-04
1.198393109101765887e-03
2.535794367706668134e-03
1.797689216852494396e-03
2.618797653948604868e-03
4.658584785781850948e-04
2.653322374706374928e-03
2.540231748838815500e-04
2.618230219576662011e-03
2.680276213216333577e-03
1.476012413727995076e-03
2.856598364257152342e-03
3.625674100625413772e-04
2.141766750712030543e-03
1.853179247748292793e-04
1.737042974218482201e-03
2.691689689657207358e-03
2.213150535372842512e-03
2.619683746273227930e-03
2.695700591543648793e-03
4.222730513737697408e-04
2.260948825923426910e-03
2.619272559663902641e-03
3.416477507020980768e-04
1.916736014693510995e-03
2.560821128627609449e-03
2.575040688942841372e-03
2.318110547849121066e-03
2.173140607465445621e-03
1.054514718198825383e-03
2.658855453114884054e-03
6.331055182985551337e-04
1.997741761725429620e-03
1.823901703598912807e-03
1.727605303884276145e-04
2.186197288284255375e-03
1.330346708636526024e-03
1.762278233505477259e-03
2.631695513635611341e-03
2.718957175498512568e-03
2.813322044445227058e-03
2.937100803130492663e-04
2.707353339124820690e-03
2.993719536109373195e-03
2.108896658341313183e-03
2.511356688880017445e-03
2.724618990247291983e-03
2.581929278439734979e-03
2.076139025073457049e-04
1.962639292244812081e-03
2.509421024416565518e-03
2.168239836516025476e-03
2.623281419986984303e-03
2.038807283100303302e-03
2.622696658974144231e-03
1.169997257817240741e-03
2.627902136564389673e-03
2.115135783923467565e-03
2.671083675335396857e-03
1.982254213400459764e-03
1.182151150405185477e-03
1.250764014447130687e-03
1.678593177001110580e-04
2.805181373955192240e-04
2.460941677848966103e-03
2.581376417769433874e-03
1.791473838904852076e-04
4.220837305457741744e-04
2.624817251965880227e-03
3.115026484150178621e-03
1.516009986988511773e-03
2.886210128451179979e-03
2.611602497995628436e-03
1.481224116192639880e-03
2.719406632777342410e-03
1.222545218849061931e-03
1.341829692510672399e-03
2.072998570015918522e-03
