2.545097514280747508e-04
7.700838506009028295e-04
1.365951395120050624e-03
1.561014493132759562e-03
1.067725142763212330e-03
2.302645984445040976e-03
1.076935832546141187e-03
1.158273034588261970e-04
1.426023755421936814e-03
2.177326905388761186e-03
2.478862059329935575e-03
1.711090155423566179e-04
9.215486814534680970e-04
1.981190403839099175e-03
1.340553530554882116e-03
2.196218778042091906e-03
3.969014049774021585e-04
2.184259978689886104e-03
2.193516094588093281e-04
2.247074966449739628e-03
2.222368999832118313e-03
1.798767697952211161e-03
2.375994843137554328e-03
3.849766698892250730e-04
2.377362446995221704e-03
2.684894381619163197e-04
1.295764670672594531e-03
2.187926810850758692e-03
2.514063073751184388e-03
2.254185925503951384e-03
2.234337694637864892e-03
3.645291851421807129e-04
1.725126706920087575e-03
2.235436406096274163e-03
9.220995214758964361e-04
1.429211840857130995e-03
2.098633302043499942e-03
2.180432361001957437e-03
2.088423204316658920e-03
2.313431896475182624e-03
7.802620144003632715e-04
2.218237506659143533e-03
5.180031280059229802e-04
2.413248120734613929e-03
1.828899580165950370e-03
2.292901481798793049e-04
2.005534410260810790e-03
1.007494428475912357e-03
1.597734627333521028e-03
2.212642179772760821e-03
2.178173171930141393e-03
2.322009372003778788e-03
2.471633014188535861e-04
2.446162053452979445e-03
2.640779272722301556e-03
2.258347989256660488e-03
2.386016334506073800e-03
2.227045534682585079e-03
2.181319960445938632e-03
2.261131591706080988e-04
2.541184728722531688e-03
2.176028235672108554e-03
1.629284640647997049e-03
2.258800294718091121e-03
1.529569952113672780e-03
2.485789672486905973e-03
1.356235742216783165e-03
2.214811984150893715e-03
2.206694892774711727e-03
2.487714205626582846e-03
1.484704667579207727e-03
1.496540845798993106e-03
9.280212073651853636e-04
3.348411723596197965e-04
3.228413982867325686e-04
2.131914497271219806e-03
2.042378786298865070e-03
2.000378644646092126e-04
1.391553823850535552e-03
2.262107484924036870e-03
2.650133701268438981e-03
1.698122542195692466e-03
2.444598240341300764e-03
2.232516601323245465e-03
1.439163322945793619e-03
2.233324258961315138e-03
1.662642633880468280e-03
9.966950203669062112e-04
1.884375341745628089e-03
